#MiniLight

10

72 72

(0.0 0.0 -20.0) (0 0 1) 0


(3626 5572 5802) (0.1 0.09 0.07)



(1.000000 1.000000 0.999999) (1.000000 -1.000000 1.000000) (-1.000000 -1.000000 1.000000) (1.0 0.0 0.0) (0.0 0.0 0.0)
(1.000000 1.000000 0.999999) (-1.000000 -1.000000 1.000000) (-1.000000 1.000000 1.000000) (1.0 0.0 0.0) (0.0 0.0 0.0)
(-1.000000 -1.000000 -1.000000) (-1.000000 1.000000 -1.000000) (-1.000000 1.000000 1.000000) (1.0 0.0 0.0) (0.0 0.0 0.0)
(-1.000000 -1.000000 -1.000000) (-1.000000 1.000000 1.000000) (-1.000000 -1.000000 1.000000) (1.0 0.0 0.0) (0.0 0.0 0.0)
(1.000000 -1.000000 -1.000000) (0.999999 1.000000 -1.000001) (-1.000000 -1.000000 -1.000000) (1.0 0.0 0.0) (0.0 0.0 0.0)
(0.999999 1.000000 -1.000001) (-1.000000 1.000000 -1.000000) (-1.000000 -1.000000 -1.000000) (1.0 0.0 0.0) (0.0 0.0 0.0)
(1.000000 -1.000000 1.000000) (1.000000 1.000000 0.999999) (1.000000 -1.000000 -1.000000) (1.0 0.0 0.0) (0.0 0.0 0.0)
(1.000000 1.000000 0.999999) (0.999999 1.000000 -1.000001) (1.000000 -1.000000 -1.000000) (1.0 0.0 0.0) (0.0 0.0 0.0)
(1.000000 1.000000 0.999999) (-1.000000 1.000000 1.000000) (0.999999 1.000000 -1.000001) (1.0 0.0 0.0) (0.0 0.0 0.0)
(-1.000000 1.000000 1.000000) (-1.000000 1.000000 -1.000000) (0.999999 1.000000 -1.000001) (1.0 0.0 0.0) (0.0 0.0 0.0)
(1.000000 -1.000000 1.000000) (1.000000 -1.000000 -1.000000) (-1.000000 -1.000000 -1.000000) (1.0 0.0 0.0) (0.0 0.0 0.0)
(1.000000 -1.000000 1.000000) (-1.000000 -1.000000 -1.000000) (-1.000000 -1.000000 1.000000) (1.0 0.0 0.0) (0.0 0.0 0.0)
